Version 0.9.7
6
 4 10 175 77 128 0 1
 5 80 400 206 81 2 2
 0 108 86 877 276 8 3
 1 207 430 206 81 140 4
 3 491 22 203 58 150 5
 1 716 403 206 81 167 6
 0
27
 255 5 71 189 71 189 70 189 70 100 161 100 161 100 0 1 0 3
 255 5 265 152 265 152 265 152 265 100 265 100 265 100 0 3 0 3
 255 5 512 152 512 152 512 152 512 100 512 100 512 100 0 3 0 3
 255 5 222 441 222 441 96 441 96 202 71 202 71 202 0 4 0 1
 0 5 71 249 71 249 84 249 84 347 161 347 161 347 0 1 0 3
 0 5 71 262 71 262 71 259 59 259 59 499 222 499 0 1 0 4
 0 5 590 295 590 295 590 295 590 347 590 347 590 347 0 3 0 3
 0 5 343 295 343 295 343 295 343 347 343 347 343 347 0 3 0 3
 0 5 502 59 502 59 59 59 59 275 71 275 71 275 0 5 0 1
 12615680 5 263 441 263 441 263 256 263 256 265 256 265 256 0 4 0 3
 12615680 5 282 441 282 441 282 256 280 256 278 256 278 256 0 4 0 3
 12615680 5 301 441 301 441 301 269 301 269 304 269 304 269 0 4 0 3
 12615680 5 320 441 320 441 320 269 320 269 317 269 317 269 0 4 0 3
 65280 5 291 256 291 256 291 256 512 256 512 256 512 256 0 3 0 3
 65280 5 330 269 330 269 525 269 525 269 525 256 525 256 0 3 0 3
 16744576 5 538 256 538 256 537 256 537 256 537 66 537 66 0 3 0 5
 16744448 5 772 256 772 256 772 256 772 414 772 414 772 414 0 3 0 6
 16744448 5 785 256 785 256 791 256 791 256 791 414 791 414 0 3 0 6
 255 5 731 414 731 414 71 414 71 414 71 215 71 215 0 6 0 1
 16744448 5 811 269 811 269 810 269 810 269 810 414 810 414 0 3 0 6
 16744448 5 824 269 824 269 829 269 829 269 829 414 829 414 0 3 0 6
 0 5 731 472 731 472 71 472 71 472 71 288 71 288 0 6 0 1
 4259584 5 798 256 798 256 798 247 551 247 551 256 551 256 0 3 0 3
 4259584 5 837 269 837 269 837 278 564 278 564 256 564 256 0 3 0 3
 12615808 5 577 256 577 256 677 256 677 256 677 66 677 66 0 3 0 5
 255 5 772 100 772 100 772 100 772 152 772 152 772 152 0 3 0 3
 0 5 850 347 850 347 850 347 850 295 850 295 850 295 0 3 0 3
3
 7032 1 14 259 204 5 0 0 8648984 3
 7008 1 14 506 204 5 0 0 8648984 3
 7032 1 14 766 204 5 0 0 8648984 3
