Version 0.9.7
5
 4 10 175 77 128 0 1
 5 80 400 206 81 2 2
 0 110 110 877 276 8 3
 1 376 404 206 81 140 4
 3 436 34 203 58 150 5
 0
23
 255 5 501 176 501 176 501 176 501 124 501 124 501 124 0 3 0 3
 255 5 71 189 71 189 163 189 163 189 163 124 163 124 0 1 0 3
 255 5 71 202 71 202 57 202 57 416 391 416 391 415 0 1 0 4
 0 5 71 249 71 249 92 249 92 371 163 371 163 371 0 1 0 3
 0 5 579 319 579 319 579 319 579 371 579 371 579 371 0 3 0 3
 0 5 391 473 391 473 371 473 371 473 371 371 371 371 0 4 0 3
 0 5 447 71 447 71 92 71 92 262 71 262 71 262 0 5 0 1
 16711680 5 566 280 566 280 566 415 566 415 565 415 565 415 0 3 0 4
 16711680 5 553 280 553 280 553 415 553 415 546 415 546 415 0 3 0 4
 16711680 5 527 293 527 293 527 293 527 415 527 415 527 415 0 3 0 4
 16711680 5 514 293 514 293 514 415 514 415 508 415 508 415 0 3 0 4
 65280 5 540 280 540 262 581 262 581 215 579 215 579 215 0 3 0 3
 65280 5 501 293 501 293 501 238 566 238 566 215 566 215 0 3 0 3
 33023 5 553 215 553 100 623 100 623 78 622 78 622 78 0 3 0 5
 33023 5 280 215 280 215 280 100 482 100 482 78 482 78 0 3 0 5
 4259584 5 267 280 267 280 267 215 267 215 293 215 293 215 0 3 0 3
 4259584 5 306 293 306 293 306 293 306 215 306 215 306 215 0 3 0 3
 16711680 5 432 415 432 415 432 392 280 392 280 280 280 280 0 4 0 3
 16711680 5 293 280 293 280 293 404 451 404 451 415 451 415 0 3 0 4
 16711680 5 319 293 319 293 319 293 470 293 470 415 470 415 0 3 0 4
 16711680 5 332 293 332 293 489 293 489 293 489 415 489 415 0 3 0 4
 255 5 267 124 267 124 267 124 267 176 267 176 267 176 0 3 0 3
 0 5 345 319 345 319 345 319 345 371 345 371 345 371 0 3 0 3
2
 7002 1 14 495 228 5 0 0 8648984 3
 7002 1 14 261 228 5 0 0 8648984 3
