Version 0.9.7
5
 4 21 309 77 128 0 1
 5 180 283 206 81 2 2
 0 208 218 877 276 8 3
 1 376 521 206 81 140 4
 3 379 130 203 58 150 5
 0
20
 255 5 82 323 82 323 82 245 82 245 261 245 261 245 0 1 0 3
 255 5 430 245 430 245 430 245 430 284 430 284 430 284 0 3 0 3
 255 5 261 466 261 466 106 466 106 336 82 336 82 336 0 3 0 1
 255 5 391 532 391 532 391 532 391 466 391 466 391 466 0 4 0 3
 65793 5 261 479 261 479 69 479 69 383 82 383 82 383 0 3 0 1
 65793 5 508 427 508 427 508 427 508 479 508 479 508 479 0 3 0 3
 65793 5 391 590 391 590 365 590 365 590 365 479 365 479 0 4 0 3
 65793 5 390 167 390 167 97 167 97 396 82 396 82 396 0 5 0 1
 4259584 5 430 388 430 388 425 388 425 388 425 174 425 174 0 3 0 5
 4259584 5 469 401 469 401 453 401 453 174 445 174 445 174 0 3 0 5
 4259584 5 482 297 482 297 482 198 465 198 465 174 465 174 0 3 0 5
 4259584 5 443 284 443 284 467 284 467 188 485 188 485 174 0 3 0 5
 16711680 5 432 532 432 532 432 388 432 388 443 388 443 388 0 4 0 3
 16711680 5 451 532 451 532 451 401 451 401 456 401 456 401 0 4 0 3
 16711680 5 470 532 470 532 470 414 470 414 482 414 482 414 0 4 0 3
 16711680 5 489 532 489 532 489 414 489 414 495 414 495 414 0 4 0 3
 16711680 5 508 532 508 532 508 532 508 323 508 323 508 323 0 4 0 3
 16711680 5 527 532 527 532 527 310 527 310 495 310 495 310 0 4 0 3
 16711680 5 546 532 546 532 469 532 469 532 469 297 469 297 0 4 0 3
 16711680 5 565 532 565 532 565 297 565 297 456 297 456 297 0 4 0 3
1
 7002 1 14 424 336 5 0 0 8648984 3
